  0.0112873   0.0364739    0.122295    0.013153  0.00102612    0.312593 9.32836e-05 9.32836e-05    0.161474     0.13069   0.0765858 9.32836e-05  0.00475746 9.32836e-05 9.32836e-05 9.32836e-05 9.32836e-05 9.32836e-05  0.00942164    0.119496
  0.0221562  0.00857385   0.0586587    0.191935 8.48896e-05  0.00263158 0.000933786  0.00263158   0.0696944 8.48896e-05    0.130815  0.00602716 8.48896e-05   0.0832767  0.00432937 0.000933786   0.0374363    0.155433    0.212309   0.0119694
0.000107643   0.0022605  0.00333692 0.000107643   0.0119483    0.320883  0.00441335 0.000107643  0.00118407   0.0345533   0.0550054    0.127126    0.165877 0.000107643 0.000107643 0.000107643   0.0377826   0.0571582    0.177718 0.000107643
  0.0242241 8.62069e-05   0.0802586     0.19319 8.62069e-05 8.62069e-05 8.62069e-05 8.62069e-05   0.0509483 8.62069e-05   0.0569828  0.00267241 8.62069e-05     0.15181 8.62069e-05 0.000948276    0.208707    0.125948    0.103534 8.62069e-05
0.000145138 0.000145138    0.185922 0.000145138    0.111901    0.126415 0.000145138    0.371698   0.0436865   0.0291727   0.0509434 0.000145138   0.0175617   0.0219158 0.000145138 0.000145138 0.000145138  0.00740203   0.0132075   0.0190131
   0.043552  7.3692e-05   0.0767133    0.181356    0.111349   0.0140752  7.3692e-05  7.3692e-05   0.0885041  7.3692e-05    0.024392    0.015549   0.0464996  7.3692e-05  7.3692e-05    0.138615 0.000810612  7.3692e-05    0.257996  7.3692e-05
0.000109051    0.274918   0.0153762 0.000109051 0.000109051 0.000109051 0.000109051    0.256379   0.0142857   0.0644493 0.000109051 0.000109051   0.0862595 0.000109051    0.197492  0.00119956   0.0317339  0.00556161   0.0513631 0.000109051
   0.395639  0.00415822    0.301318  0.00010142  0.00010142  0.00618661  0.00010142    0.048783   0.0579108  0.00111562   0.0264706  0.00010142  0.00010142   0.0700811  0.00010142  0.00517241  0.00010142  0.00517241  0.00111562   0.0761663
 0.00903674    0.110328 9.93049e-05 9.93049e-05  0.00506455   0.0179742  0.00705065  0.00804369  0.00109235    0.547269   0.0636544    0.160973 9.93049e-05   0.0020854   0.0259186   0.0219464   0.0040715 9.93049e-05 9.93049e-05    0.014995
   0.425168 8.41751e-05   0.0430135   0.0135522 8.41751e-05 8.41751e-05 8.41751e-05 8.41751e-05  0.00513468 8.41751e-05    0.259343   0.0270202 8.41751e-05    0.212205 8.41751e-05 8.41751e-05 8.41751e-05   0.0118687 8.41751e-05  0.00176768
   0.148928 0.000126103 0.000126103   0.0656999 0.000126103   0.0846154 0.000126103 0.000126103    0.345649 0.000126103 0.000126103 0.000126103   0.0190416    0.164061 0.000126103  0.00390921 0.000126103 0.000126103    0.166583 0.000126103
    0.03804 0.000105374 0.000105374    0.100211 0.000105374   0.0685985   0.0517387 0.000105374   0.0812434    0.239305 0.000105374   0.0032666   0.0285564   0.0517387    0.101264   0.0190727 0.000105374   0.0285564  0.00642782    0.181349
9.82318e-05    0.431336 9.82318e-05 9.82318e-05  0.00304519 9.82318e-05 9.82318e-05 9.82318e-05  0.00500982    0.223084 9.82318e-05   0.0668959 9.82318e-05 9.82318e-05    0.199509  0.00108055  0.00992141  0.00206287 9.82318e-05   0.0570727
   0.247271 8.02568e-05    0.114045   0.0386035    0.067496  0.00489567 8.02568e-05   0.0040931   0.0426164   0.0369984   0.0923756   0.0297753  0.00810594    0.151766  0.00248796 8.02568e-05 0.000882825  0.00810594    0.149358 0.000882825
  0.0061445 6.75219e-05   0.0189737 6.75219e-05   0.0412559  0.00411884    0.297164   0.0101958 6.75219e-05 6.75219e-05    0.172248   0.0534099   0.0777178   0.0284267  0.00141796   0.0561107 6.75219e-05   0.0027684  0.00479406    0.224916
7.12758e-05  0.00292231    0.246686   0.0129009   0.0406985 7.12758e-05 7.12758e-05 7.12758e-05   0.0635068 7.12758e-05   0.0570919    0.111974 7.12758e-05    0.167569 7.12758e-05  0.00363507   0.0314326    0.124804   0.0328582    0.103421
7.45156e-05 7.45156e-05    0.114083   0.0865127   0.0529806 7.45156e-05 7.45156e-05 7.45156e-05   0.0343517 7.45156e-05    0.299627    0.151341   0.0142325 7.45156e-05 7.45156e-05 7.45156e-05    0.222131  0.00529061 7.45156e-05   0.0187034
9.05797e-05 9.05797e-05   0.0580616   0.0163949    0.142301   0.0644022   0.0109601 9.05797e-05 0.000996377 9.05797e-05   0.0326993    0.180344 0.000996377 9.05797e-05    0.233786   0.0589674   0.0526268    0.135054 9.05797e-05   0.0118659
  0.0369672 8.19672e-05 8.19672e-05 8.19672e-05   0.0533607   0.0271311 8.19672e-05   0.0279508    0.118934 8.19672e-05   0.0672951 8.19672e-05   0.0369672   0.0566393    0.253361  0.00254098 8.19672e-05 8.19672e-05    0.318115 8.19672e-05
  0.0216828 0.000107875    0.151133   0.0648328   0.0367853    0.181338 0.000107875 0.000107875    0.111219 0.000107875   0.0238403   0.0400216   0.0141316   0.0669903 0.000107875 0.000107875   0.0562028 0.000107875     0.23096 0.000107875
0.000868193 7.89266e-05   0.0237569 7.89266e-05 7.89266e-05     0.17135 7.89266e-05 0.000868193    0.331571 7.89266e-05    0.092423 7.89266e-05 0.000868193  0.00639305 7.89266e-05     0.11768 7.89266e-05 0.000868193    0.208445   0.0442778
  0.0326547 0.000895765    0.237052 8.14332e-05   0.0375407 8.14332e-05 8.14332e-05   0.0212541    0.354316   0.0163681 8.14332e-05   0.0367264 0.000895765   0.0367264    0.096987 0.000895765       0.075   0.0277687  0.00252443   0.0220684
 0.00855333  0.00644139   0.0370644    0.590391 0.000105597 0.000105597 0.000105597 0.000105597    0.164836 0.000105597 0.000105597   0.0275607   0.0719113   0.0148891 0.000105597   0.0729673 0.000105597 0.000105597 0.000105597  0.00432946
   0.142205 8.61326e-05   0.0465978 8.61326e-05   0.0276486 8.61326e-05   0.0302326 8.61326e-05    0.242119 8.61326e-05    0.147373   0.0242033 8.61326e-05    0.330835 8.61326e-05 8.61326e-05 8.61326e-05  0.00353144 8.61326e-05  0.00439276
  0.0598009 7.65697e-05     0.39977   0.0199847  0.00390505 7.65697e-05 7.65697e-05 7.65697e-05    0.134839   0.0352986   0.0215161    0.101914  0.00620214    0.150153  0.00237366   0.0100306   0.0230475   0.0307044 7.65697e-05 7.65697e-05
7.59301e-05 7.59301e-05    0.161807    0.400228  0.00159453 7.59301e-05 7.59301e-05 7.59301e-05   0.0570235 7.59301e-05    0.030448    0.038041  0.00387244    0.161048 7.59301e-05    0.142825 7.59301e-05  0.00235383 7.59301e-05 7.59301e-05
6.65779e-05 0.000732357 6.65779e-05 0.000732357 6.65779e-05   0.0153795   0.0846205    0.135885   0.0826232    0.157856  0.00206391   0.0393475 6.65779e-05  0.00539281    0.130559   0.0426764 6.65779e-05    0.244407   0.0286951   0.0286951
 0.00152284   0.0682379 0.000797679   0.0182016 7.25163e-05 7.25163e-05 0.000797679 7.25163e-05   0.0044235 7.25163e-05   0.0399565    0.421392   0.0167513   0.0638869 7.25163e-05   0.0624365   0.0276287    0.169036    0.037781   0.0667875
   0.022516 8.01282e-05 8.01282e-05   0.0697917   0.0297276  0.00969551  0.00088141 8.01282e-05  0.00088141 8.01282e-05    0.114663    0.155529 8.01282e-05    0.102644 8.01282e-05   0.0169071 8.01282e-05    0.298958    0.177163 8.01282e-05
 0.00265888  0.00265888    0.419001   0.0720493 6.48508e-05  0.00460441  0.00979248  0.00201038    0.147925 6.48508e-05    0.138197   0.0266537 6.48508e-05 6.48508e-05 6.48508e-05 6.48508e-05    0.110311    0.047406    0.013035  0.00330739
  0.0382326 9.30233e-05   0.0717209 9.30233e-05  0.00195349    0.095907 9.30233e-05   0.0233488     0.14614  0.00567442   0.0373023 9.30233e-05   0.0196279    0.126605  0.00474419   0.0270698 9.30233e-05 9.30233e-05    0.396372  0.00474419
  0.0236201 8.11688e-05   0.0374188   0.0138799   0.0171266 8.11688e-05 8.11688e-05 8.11688e-05 8.11688e-05    0.125081   0.0520292   0.0601461   0.0609578   0.0528409 8.11688e-05    0.151867 8.11688e-05    0.211932    0.187581   0.0049513
 0.00217853  5.3135e-05    0.109511  0.00111583  0.00164718   0.0101488  5.3135e-05  5.3135e-05   0.0537194  5.3135e-05  5.3135e-05    0.140861    0.247662  0.00111583  5.3135e-05  0.00164718  5.3135e-05   0.0871945    0.342774  5.3135e-05
  0.0350485   0.0447573 9.70874e-05 9.70874e-05 9.70874e-05   0.0903883 9.70874e-05   0.0068932    0.151553 9.70874e-05    0.128252   0.0301942   0.0233981   0.0360194    0.031165    0.107864 9.70874e-05 9.70874e-05    0.299126   0.0146602
  0.0778113 7.54717e-05  0.00460377       0.028  0.00535849 7.54717e-05 7.54717e-05 7.54717e-05   0.0423396  0.00158491 7.54717e-05   0.0430943   0.0113962    0.567623 7.54717e-05  0.00233962 7.54717e-05  0.00309434    0.212151 7.54717e-05
6.58762e-05   0.0698946 6.58762e-05   0.0013834    0.120619 6.58762e-05    0.217457 6.58762e-05  0.00401845 6.58762e-05   0.0270751   0.0185112  0.00665349 6.58762e-05 6.58762e-05   0.0666008     0.14697    0.276087   0.0231225   0.0211462
5.63698e-05   0.0254228 0.000620068  0.00118377 5.63698e-05 5.63698e-05 5.63698e-05 0.000620068 5.63698e-05    0.264994 5.63698e-05   0.0310598 5.63698e-05 5.63698e-05   0.0874295   0.0372604    0.233427    0.121251   0.0586809    0.137599
8.19672e-05    0.047623 8.19672e-05   0.0468033 8.19672e-05 8.19672e-05 8.19672e-05 8.19672e-05   0.0230328    0.373033 8.19672e-05   0.0459836    0.012377    0.100902    0.109918 0.000901639    0.238607 8.19672e-05 8.19672e-05 8.19672e-05
   0.175327  8.7184e-05    0.121273   0.0218832   0.0846556  8.7184e-05  8.7184e-05  8.7184e-05  8.7184e-05  8.7184e-05    0.093374  0.00619006    0.017524    0.433391  8.7184e-05   0.0306016  8.7184e-05  8.7184e-05   0.0149085  8.7184e-05
 0.00702515   0.0816132 8.67303e-05 8.67303e-05 0.000954033 8.67303e-05 8.67303e-05    0.324458    0.288899 8.67303e-05   0.0174328   0.0486557   0.0330442    0.119775   0.0339115 8.67303e-05  0.00182134   0.0330442 8.67303e-05  0.00875976
   0.123311  0.00013245   0.0345695    0.233245  0.00013245    0.312715  0.00013245  0.00013245    0.173642    0.022649  0.00013245    0.014702  0.00013245    0.017351   0.0570861  0.00013245  0.00013245  0.00940397  0.00013245  0.00013245
  0.0109189 0.000108108    0.139568 0.000108108   0.0314595    0.207676 0.000108108  0.00659459    0.123351   0.0757838  0.00118919       0.092 0.000108108 0.000108108 0.000108108    0.064973 0.000108108 0.000108108    0.024973    0.220649
  0.0475738   0.0169831  0.00221519 0.000105485 0.000105485    0.492722   0.0085443  0.00959916    0.140401  0.00116034   0.0380802    0.018038  0.00537975   0.0359705 0.000105485 0.000105485   0.0148734  0.00748945   0.0728903   0.0876582
   0.158417 0.000111483   0.0157191 0.000111483 0.000111483    0.211929 0.000111483   0.0324415    0.124972    0.112709 0.000111483 0.000111483 0.000111483 0.000111483 0.000111483   0.0792642 0.000111483 0.000111483   0.0146042    0.248718
  0.0118176   0.0111265   0.0131997 6.91085e-05 6.91085e-05    0.235729   0.0173462    0.327643   0.0595024   0.0387699 6.91085e-05    0.015273  0.00283345  0.00214236   0.0712509  0.00145128 6.91085e-05 0.000760194    0.127229   0.0636489
   0.421549  7.3046e-05  7.3046e-05  7.3046e-05  7.3046e-05  7.3046e-05  7.3046e-05     0.07458   0.0227173  7.3046e-05    0.160774  0.00810811  0.00372535  7.3046e-05  7.3046e-05    0.084076  7.3046e-05  7.3046e-05    0.208254   0.0154127
  0.0333333 7.39098e-05 7.39098e-05   0.0274205   0.0407243 7.39098e-05  0.00155211 7.39098e-05 7.39098e-05   0.0022912   0.0333333   0.0333333    0.207761    0.370362 7.39098e-05   0.0059867 7.39098e-05  0.00746489    0.235846 7.39098e-05
   0.194929  8.8968e-05   0.0143238    0.047242  0.00364769    0.291904  8.8968e-05  8.8968e-05  8.8968e-05  8.8968e-05    0.131762    0.147776   0.0508007   0.0632562  8.8968e-05   0.0285587  0.00275801    0.022331  8.8968e-05  8.8968e-05
   0.030261 8.15661e-05  0.00252855     0.33124 8.15661e-05   0.0384176 8.15661e-05 8.15661e-05   0.0620718 8.15661e-05 8.15661e-05   0.0424959   0.0204731    0.145269   0.0449429    0.212153  0.00415987   0.0506525  0.00171289   0.0131321
  0.0380908 9.26784e-05   0.0306766 9.26784e-05   0.0232623   0.0297498 9.26784e-05    0.472753     0.21418 9.26784e-05    0.015848 9.26784e-05   0.0241891  0.00379981 9.26784e-05  0.00101946   0.0306766 9.26784e-05    0.112234  0.00287303
  0.0679256 5.47345e-05    0.013191 5.47345e-05    0.262233   0.0504105 5.47345e-05 5.47345e-05  0.00224412   0.0345375   0.0909141   0.0312534  0.00060208    0.110619 5.47345e-05 5.47345e-05   0.0493158   0.0405583    0.215161   0.0307061
   0.259284  0.00197926  0.00480679   0.0839774 9.42507e-05    0.031197  0.00292177 9.42507e-05   0.0934025   0.0161169   0.0066918 9.42507e-05  0.00103676    0.280961 9.42507e-05 9.42507e-05 9.42507e-05 9.42507e-05    0.216871 9.42507e-05
  0.0935025  0.00416244     0.10467    0.201117 0.000101523 0.000101523   0.0508629 0.000101523 0.000101523  0.00213198    0.292487   0.0792893  0.00619289    0.108731 0.000101523   0.0264975   0.0285279 0.000101523 0.000101523  0.00111675
 0.00881326    0.240052  0.00095986   8.726e-05   8.726e-05   0.0219023   0.0157941   8.726e-05  0.00270506    0.317714   0.0524433     0.10829  0.00357766   8.726e-05   0.0402269   8.726e-05  0.00095986    0.166754   8.726e-05   0.0192845
6.82594e-05  0.00143345   0.0253242   0.0266894 6.82594e-05   0.0328328   0.0198635 6.82594e-05 6.82594e-05   0.0062116   0.0410239    0.308601 6.82594e-05   0.0137201  0.00825939   0.0628669 6.82594e-05    0.175495    0.257406   0.0198635
9.31099e-05     0.13324   0.0215084 9.31099e-05 9.31099e-05   0.0121974 9.31099e-05 9.31099e-05   0.0475791    0.503818 9.31099e-05    0.257076  0.00195531 9.31099e-05 9.31099e-05   0.0121974  0.00288641 9.31099e-05 9.31099e-05   0.0066108
  0.0150207 8.29876e-05        0.02    0.343651 8.29876e-05   0.0258091 8.29876e-05 8.29876e-05    0.046556    0.161909   0.0432365   0.0747718 8.29876e-05 8.29876e-05    0.185145 8.29876e-05 8.29876e-05  0.00340249 8.29876e-05    0.079751
  0.0499616   0.0046815  0.00775134  7.6746e-05   0.0223331  7.6746e-05  7.6746e-05  7.6746e-05  7.6746e-05    0.251804   0.0161934    0.168918 0.000844206  7.6746e-05   0.0614735   0.0353799    0.270223  0.00161167  7.6746e-05    0.108289
   0.299729 9.02527e-05   0.0876354    0.108394   0.0388989  0.00099278   0.0208484   0.0280686   0.0641697  0.00550542 9.02527e-05   0.0199458   0.0686823    0.127347 9.02527e-05 9.02527e-05 9.02527e-05    0.121931  0.00640794  0.00099278
  0.0299123    0.179035   0.0465789  0.00359649  0.00710526   0.0500877    0.172018   0.0290351 8.77193e-05   0.0228947   0.0527193   0.0386842 8.77193e-05    0.069386    0.010614    0.109737 8.77193e-05   0.0369298   0.0807895    0.060614
  0.0138232 0.000124533 0.000124533   0.0362391  0.00136986    0.640224  0.00510585  0.00136986   0.0760897   0.0474471 0.000124533   0.0237858 0.000124533 0.000124533 0.000124533    0.103487 0.000124533 0.000124533 0.000124533   0.0499377
 0.00455357 8.92857e-05   0.0500893 8.92857e-05    0.323304 8.92857e-05  0.00455357 8.92857e-05    0.127768  0.00544643   0.0161607 8.92857e-05   0.0286607   0.0983036    0.001875 8.92857e-05 8.92857e-05  0.00276786    0.266161   0.0697321
5.31632e-05   0.0213184  0.00483785 5.31632e-05   0.0324827   0.0431154 0.000584795    0.205795    0.013344  0.00164806    0.188251   0.0160021 5.31632e-05   0.0505582  0.00377459  0.00377459 5.31632e-05 5.31632e-05    0.130835    0.283413
 0.00326433 7.96178e-05 7.96178e-05 7.96178e-05 7.96178e-05   0.0160032 7.96178e-05   0.0844745 7.96178e-05    0.111545    0.028742   0.0295382  0.00326433   0.0231688  0.00167197   0.0167994 7.96178e-05   0.0637739    0.375876    0.241322
9.53289e-05   0.0239276  0.00200191 9.53289e-05   0.0325071 9.53289e-05 9.53289e-05    0.140229   0.0029552    0.252717   0.0725453   0.0591992 9.53289e-05 9.53289e-05   0.0429933 9.53289e-05 9.53289e-05   0.0830315 9.53289e-05    0.287035
  0.0392941   0.0102745    0.031451   0.0541961 7.84314e-05   0.0471373 7.84314e-05    0.016549   0.0996863   0.0487059 7.84314e-05   0.0832157    0.018902 7.84314e-05    0.543608 7.84314e-05 7.84314e-05  0.00635294 7.84314e-05 7.84314e-05
7.33676e-05 7.33676e-05   0.0903155 7.33676e-05   0.0661042 7.33676e-05   0.0345561    0.365444   0.0565664 7.33676e-05 7.33676e-05  0.00594277   0.0536317   0.0110785 7.33676e-05  0.00374175 7.33676e-05   0.0147469    0.142406    0.154879
0.000111732 0.000111732   0.0448045 0.000111732   0.0492737   0.0369832  0.00122905    0.567709   0.0381006 0.000111732    0.078324 0.000111732 0.000111732 0.000111732   0.0258101   0.0269274   0.0135196 0.000111732   0.0582123   0.0582123
   0.078257 8.98473e-05   0.0171608 8.98473e-05  0.00098832   0.0369272  0.00188679   0.0153639      0.2885   0.0513028    0.169901   0.0225517 8.98473e-05   0.0207547 8.98473e-05   0.0153639    0.177987  0.00458221  0.00188679   0.0962264
  8.726e-05   8.726e-05   8.726e-05    0.105672   8.726e-05  0.00794066   8.726e-05   8.726e-05    0.122251   0.0123037   0.0716405    0.100436   0.0245201   8.726e-05   0.0227749   8.726e-05    0.442496   0.0890925   8.726e-05   8.726e-05
8.01282e-05   0.0353365   0.0177083   0.0056891  0.00488782 8.01282e-05 8.01282e-05 8.01282e-05 8.01282e-05    0.202003   0.0104968    0.028125 8.01282e-05   0.0193109    0.482452 8.01282e-05    0.193189 8.01282e-05 8.01282e-05 8.01282e-05
  0.0757236 9.33707e-05 9.33707e-05 9.33707e-05    0.023436    0.238189 9.33707e-05  0.00102708    0.163492 9.33707e-05 9.33707e-05   0.0505135  0.00569561    0.251261 9.33707e-05  0.00102708 9.33707e-05 9.33707e-05    0.188702 9.33707e-05
  0.0395135   0.0309665    0.147337    0.153254 6.57462e-05 6.57462e-05 6.57462e-05   0.0112426    0.271598 6.57462e-05   0.0401709   0.0151874 6.57462e-05    0.228863 0.000723208 0.000723208  0.00729783 6.57462e-05   0.0526627 6.57462e-05
  0.0591146  0.00182292 8.68056e-05 8.68056e-05  0.00703125   0.0764757  0.00269097 8.68056e-05  0.00616319    0.227517 8.68056e-05   0.0131076 8.68056e-05 8.68056e-05    0.438455   0.0374132 8.68056e-05 8.68056e-05  0.00355903    0.125955
  0.0527101 7.85546e-05   0.0102907    0.192537  0.00950511   0.0739199 7.85546e-05 7.85546e-05   0.0393559 7.85546e-05  0.00164965   0.0283582   0.0362137    0.250668 7.85546e-05   0.0315004 7.85546e-05   0.0142184    0.258523 7.85546e-05
   0.321012  9.5511e-05    0.013467    0.132856  0.00105062   0.0583572  0.00200573  0.00105062    0.125215  9.5511e-05   0.0344795   0.0593123  0.00105062    0.162464  0.00200573  9.5511e-05  0.00773639    0.013467   0.0621777  0.00200573
 0.00203279 6.55738e-05    0.081377    0.181049    0.171869  0.00137705 6.55738e-05 6.55738e-05   0.0938361 6.55738e-05  0.00793443 6.55738e-05    0.112197 6.55738e-05 6.55738e-05    0.108918 6.55738e-05 6.55738e-05    0.238754 6.55738e-05
  0.0444687 7.27802e-05     0.29556    0.135444   0.0350073 7.27802e-05  0.00298399 7.27802e-05     0.25262   0.0073508 7.27802e-05 7.27802e-05 7.27802e-05    0.213319 7.27802e-05 7.27802e-05   0.0109898 7.27802e-05  0.00152838 7.27802e-05
  0.0291453   0.0146154   0.0650427    0.239402 0.000940171    0.229145 8.54701e-05 8.54701e-05    0.195812   0.0308547 8.54701e-05 8.54701e-05 8.54701e-05  0.00179487 8.54701e-05   0.0325641    0.120598  0.00948718 8.54701e-05        0.03
   0.145125    0.112625    0.002625    0.000125    0.008875    0.143875    0.152625    0.001375    0.108875    0.230125    0.000125    0.022625    0.001375    0.000125    0.000125    0.048875    0.000125    0.007625    0.005125    0.007625
  0.0147994 4.61042e-05 4.61042e-05 4.61042e-05 0.000507146   0.0147994 4.61042e-05  0.00235131  0.00142923    0.579115  0.00281236   0.0383126 4.61042e-05 4.61042e-05    0.156339   0.0300138  0.00235131   0.0747349   0.0410788   0.0410788
  0.0268082 7.86164e-05   0.0991352   0.0047956 7.86164e-05   0.0417453 7.86164e-05 7.86164e-05    0.379009   0.0653302   0.0126572   0.0417453   0.0110849  0.00086478   0.0488208 7.86164e-05    0.220991  0.00794025   0.0386006 7.86164e-05
 0.00013245  0.00013245  0.00013245  0.00013245    0.038543  0.00013245  0.00013245    0.271656   0.0994702   0.0160265  0.00013245  0.00013245    0.156424  0.00013245    0.194834   0.0266225   0.0133775   0.0319205    0.147152  0.00278146
7.11744e-05    0.299715  0.00220641 7.11744e-05  0.00149466 7.11744e-05 7.11744e-05  0.00790036  0.00718861   0.0990036  0.00647687   0.0278292 7.11744e-05 0.000782918    0.047758   0.0178648    0.252028  0.00220641    0.189395   0.0377936
8.27815e-05 8.27815e-05 8.27815e-05   0.0191225   0.0067053   0.0307119 8.27815e-05  0.00256623 8.27815e-05   0.0836921    0.135844   0.0423013 8.27815e-05 8.27815e-05  0.00836093  0.00504967    0.508361    0.057202 8.27815e-05   0.0994205
   0.434206 7.93651e-05 7.93651e-05     0.20881 0.000873016    0.118333 7.93651e-05 7.93651e-05  0.00642857  0.00246032    0.118333   0.0342063 7.93651e-05 7.93651e-05 7.93651e-05 7.93651e-05  0.00166667 7.93651e-05   0.0738889 7.93651e-05
  0.0253264 8.70322e-05    0.024456    0.208094 8.70322e-05  0.00879025    0.110618 0.000957354   0.0845083 8.70322e-05    0.398695   0.0601393   0.0627502 8.70322e-05 8.70322e-05 8.70322e-05 8.70322e-05 8.70322e-05   0.0148825 8.70322e-05
9.56023e-05    0.147323 9.56023e-05 9.56023e-05 9.56023e-05 9.56023e-05 9.56023e-05 9.56023e-05   0.0201721    0.552677  0.00583174   0.0402486  0.00200765 9.56023e-05    0.189388  0.00487572   0.0106119  0.00105163   0.0192161  0.00583174
 0.00154278   0.0225806 0.000140252 0.000140252    0.012763    0.101122 0.000140252   0.0267882    0.245582 0.000140252    0.225947   0.0295933   0.0520337   0.0814867 0.000140252   0.0253857  0.00434783   0.0309958    0.134783  0.00434783
 6.1237e-05   0.0276179  0.00557257  6.1237e-05  6.1237e-05   0.0453766  6.1237e-05   0.0239437  0.00863442    0.112737   0.0306797  6.1237e-05  6.1237e-05 0.000673607   0.0796693   0.0913043   0.0233313 0.000673607     0.18316    0.366258
   0.187959 8.53971e-05   0.0137489    0.173442 8.53971e-05   0.0239966 8.53971e-05 8.53971e-05    0.229804 8.53971e-05 0.000939368  0.00691716 8.53971e-05    0.262254 8.53971e-05 8.53971e-05 8.53971e-05 8.53971e-05   0.0854825   0.0146029
  0.0178511 8.46024e-05 8.46024e-05 8.46024e-05 8.46024e-05 8.46024e-05 8.46024e-05   0.0170051 8.46024e-05    0.167597   0.0170051   0.0660745 0.000930626 8.46024e-05   0.0753807   0.0220812    0.585533 8.46024e-05  0.00431472   0.0254653
   0.121066 8.46024e-05  0.00431472    0.263198 8.46024e-05 8.46024e-05 8.46024e-05 8.46024e-05    0.544078 8.46024e-05    0.014467   0.0440778 8.46024e-05  0.00516074 8.46024e-05  0.00262267 8.46024e-05 8.46024e-05 8.46024e-05 8.46024e-05
9.93049e-05    0.096425 9.93049e-05  0.00705065   0.0368421 9.93049e-05   0.0318769    0.383416  0.00109235   0.0388282   0.0120159 9.93049e-05 9.93049e-05 9.93049e-05    0.183813 9.93049e-05    0.180834   0.0269116 9.93049e-05 9.93049e-05
8.01282e-05 8.01282e-05   0.0265224   0.0898237     0.18117 8.01282e-05 8.01282e-05 8.01282e-05    0.148317  0.00729167 8.01282e-05   0.0257212   0.0898237    0.126683 8.01282e-05   0.0465545 8.01282e-05 8.01282e-05    0.257292 8.01282e-05
 0.00961872  0.00268631 8.66551e-05 0.000953206 8.66551e-05    0.132669   0.0104853   0.0512132    0.392634  0.00961872 8.66551e-05   0.0278163 8.66551e-05   0.0156846 8.66551e-05    0.171664 8.66551e-05 0.000953206   0.0659445    0.107539
0.000101833    0.445112    0.103971   0.0174134 0.000101833 0.000101833 0.000101833 0.000101833 0.000101833    0.282179   0.0275967   0.0113035 0.000101833   0.0163951 0.000101833 0.000101833   0.0316701  0.00315682    0.053055  0.00723014
  0.0637903 8.06452e-05 8.06452e-05   0.0404032 8.06452e-05 8.06452e-05    0.672661 8.06452e-05   0.0468548 8.06452e-05  0.00733871   0.0129839  0.00733871  0.00330645 8.06452e-05    0.144435 8.06452e-05 8.06452e-05 8.06452e-05 8.06452e-05
 0.00712909  0.00327553 6.42261e-05 6.42261e-05 6.42261e-05   0.0475915    0.176686 6.42261e-05 6.42261e-05 0.000706487   0.0642903    0.090623    0.221002    0.073282 6.42261e-05    0.043738   0.0186898   0.0694284    0.183109 6.42261e-05
   0.116285 8.48176e-05   0.0212892 8.48176e-05 8.48176e-05    0.177354  0.00178117   0.0577608    0.322392 8.48176e-05    0.015352   0.0119593   0.0187447   0.0289228 8.48176e-05   0.0755725 8.48176e-05  0.00178117   0.0670908   0.0832061
   0.019163    0.217401   0.0140235 7.34214e-05  0.00227606 7.34214e-05  0.00154185 0.000807636   0.0228341    0.295228 7.34214e-05   0.0323789 7.34214e-05 7.34214e-05 7.34214e-05  0.00154185    0.291557   0.0610132   0.0309104  0.00888399
  0.0040275   0.0659136   0.0207269  0.00206287  0.00697446 9.82318e-05    0.482417 9.82318e-05 9.82318e-05 9.82318e-05    0.227996   0.0334971 9.82318e-05  0.00500982 9.82318e-05   0.0983301   0.0472495 9.82318e-05 9.82318e-05  0.00500982
9.31099e-05    0.462849 9.31099e-05 9.31099e-05 9.31099e-05 9.31099e-05   0.0047486    0.347393  0.00195531   0.0503724   0.0094041   0.0419926 9.31099e-05   0.0196462   0.0298883 9.31099e-05   0.0308194 9.31099e-05 9.31099e-05 9.31099e-05
  0.0188555 9.38086e-05 9.38086e-05   0.0629456  0.00103189 9.38086e-05 9.38086e-05 9.38086e-05 9.38086e-05     0.43818   0.0638837    0.101407    0.023546     0.04606   0.0798311 9.38086e-05 9.38086e-05 9.38086e-05   0.0695122   0.0939024
0.000786276 7.14796e-05  0.00150107   0.0801287    0.272409   0.0136526 7.14796e-05 7.14796e-05   0.0451036 0.000786276   0.0322373   0.0172266    0.173052   0.0808435   0.0386705   0.0715511  0.00793424 7.14796e-05     0.16233  0.00150107
0.000116009   0.0012761    0.534919   0.0511601   0.0616009   0.0175174   0.0233179   0.0453596    0.109165 0.000116009 0.000116009 0.000116009 0.000116009   0.0940835 0.000116009 0.000116009   0.0012761 0.000116009   0.0592807 0.000116009
  0.0233153   0.0287374 7.74593e-05  0.00395043 7.74593e-05 7.74593e-05     0.19605   0.0783114 7.74593e-05    0.208443  0.00472502   0.0457785 7.74593e-05   0.0589466   0.0380325   0.0976762   0.0372579    0.113168    0.058172   0.0070488
 0.00116156  0.00538543   0.0434002 0.000105597 0.000105597    0.154277   0.0602957 0.000105597  0.00116156   0.0170011 0.000105597   0.0898627   0.0243928    0.269377  0.00855333   0.0444562   0.0032735    0.102534    0.150053   0.0243928
 0.00425978 6.98324e-05   0.0259078 0.000768156    0.240293 6.98324e-05 6.98324e-05  0.00146648   0.0517458 6.98324e-05 6.98324e-05   0.0189246    0.171858 6.98324e-05   0.0321927   0.0803771 6.98324e-05   0.0580307    0.279399   0.0342877
7.45712e-05 7.45712e-05  0.00454884  0.00231171    0.161894   0.0105145 7.45712e-05 7.45712e-05 7.45712e-05 0.000820283    0.012006    0.175317    0.066443   0.0381059 7.45712e-05 7.45712e-05  0.00753169    0.275242    0.170843   0.0739001
 9.5511e-05   0.0106017  9.5511e-05  9.5511e-05   0.0268386   0.0106017   0.0449857    0.661032   0.0086915   0.0726839  0.00105062   0.0086915   0.0258835  9.5511e-05    0.022063  9.5511e-05  9.5511e-05  9.5511e-05  0.00105062    0.105158
0.000120192 0.000120192 0.000120192 0.000120192 0.000120192    0.370312 0.000120192 0.000120192   0.0301683    0.345072 0.000120192 0.000120192  0.00492788  0.00132212   0.0614183   0.0734375 0.000120192 0.000120192 0.000120192    0.111899
  0.0289701   0.0188229 5.07357e-05   0.0183156   0.0370878   0.0152714   0.0781837   0.0467275 5.07357e-05  0.00563166 5.07357e-05   0.0386098 5.07357e-05 5.07357e-05  0.00410959    0.121816 5.07357e-05   0.0959411    0.408473   0.0817352
   0.150343  0.00160183   0.0366895    0.344088   0.0115179 7.62777e-05   0.0130435 7.62777e-05    0.139664 7.62777e-05   0.0153318   0.0252479 7.62777e-05    0.254081 7.62777e-05  0.00694127 7.62777e-05 0.000839054 7.62777e-05 7.62777e-05
7.78816e-05   0.0055296   0.0647196  0.00786604    0.106776  0.00630841 7.78816e-05   0.0203271   0.0475857   0.0592679 0.000856698 0.000856698  0.00241433    0.106776   0.0366822    0.046028    0.211137    0.063162    0.180763   0.0327882
 0.00230516   0.0440176 0.000109769 0.000109769  0.00889133 0.000109769 0.000109769    0.197695 0.000109769    0.469923 0.000109769   0.0143798 0.000109769 0.000109769   0.0912184 0.000109769 0.000109769 0.000109769  0.00120746    0.169155
  0.0407025 6.88705e-05   0.0241736  0.00144628   0.0448347    0.114394    0.133678 6.88705e-05     0.15365 0.000757576    0.162603   0.0379477 6.88705e-05   0.0654959 6.88705e-05 6.88705e-05 6.88705e-05 6.88705e-05    0.210813  0.00902204
  0.0840734  0.00299228    0.100483    0.226931   0.0329151 9.65251e-05 9.65251e-05 9.65251e-05   0.0898649 9.65251e-05   0.0647683    0.238514 9.65251e-05   0.0338803  0.00685328    0.115927  0.00106178 9.65251e-05  0.00106178 9.65251e-05
5.76701e-05 5.76701e-05     0.03812   0.0121684   0.0583045 5.76701e-05 5.76701e-05  0.00121107 5.76701e-05    0.107901   0.0369666    0.437774   0.0288927 5.76701e-05 5.76701e-05 5.76701e-05 5.76701e-05   0.0721453   0.0369666    0.169031
 7.4184e-05  7.4184e-05    0.172181   0.0022997     0.13954 0.000816024  7.4184e-05    0.235237  7.4184e-05  7.4184e-05   0.0601632   0.0312315   0.0468101    0.136573  7.4184e-05  7.4184e-05   0.0119436   0.0156528   0.0423591    0.104674
  0.0626168 7.18907e-05 7.18907e-05   0.0317038   0.0475198 7.18907e-05     0.01445 7.18907e-05 7.18907e-05    0.197771  0.00366643   0.0468009  0.00941769   0.0122933    0.256003 7.18907e-05 7.18907e-05   0.0266715    0.237311    0.053271
9.51475e-05 9.51475e-05     0.13235  0.00770695   0.0809705   0.0019981   0.0019981  0.00104662   0.0153187   0.0324453   0.0495718    0.172312   0.0686013 9.51475e-05   0.0019981 9.51475e-05    0.348335   0.0743102   0.0105614 9.51475e-05
  0.0141601 8.79507e-05    0.060774    0.259543 8.79507e-05 8.79507e-05 8.79507e-05   0.0132806    0.124099 8.79507e-05     0.24635   0.0379068 8.79507e-05   0.0273527 8.79507e-05  0.00360598    0.185664   0.0264732 8.79507e-05 8.79507e-05
  0.0324595  7.7101e-05   0.0478797  7.7101e-05   0.0417116  7.7101e-05  7.7101e-05   0.0170393    0.274557  7.7101e-05   0.0586739   0.0131843  7.7101e-05  7.7101e-05    0.068697  7.7101e-05   0.0154973   0.0517348     0.12421    0.253739
5.68505e-05    0.018249  0.00858442 5.68505e-05  0.00289937    0.110915  0.00233087   0.0353042   0.0057419   0.0949972   0.0233655   0.0512223 5.68505e-05 5.68505e-05   0.0330301   0.0864696 5.68505e-05 5.68505e-05    0.160944    0.365605
6.32111e-05   0.0196587   0.0051201  0.00259166 6.32111e-05 6.32111e-05 6.32111e-05 6.32111e-05    0.108154    0.132174  0.00259166    0.217509 6.32111e-05 6.32111e-05    0.362263 6.32111e-05   0.0563211   0.0853982 6.32111e-05  0.00764855
9.84252e-05   0.0502953 9.84252e-05 9.84252e-05 9.84252e-05  0.00206693 9.84252e-05    0.115256 9.84252e-05    0.705807 9.84252e-05 9.84252e-05  0.00108268 9.84252e-05    0.114272  0.00994094 9.84252e-05 9.84252e-05 9.84252e-05 9.84252e-05
  0.0644606  0.00553037 9.06618e-05  0.00643699 9.06618e-05  0.00915684    0.714506 9.06618e-05   0.0173164 9.06618e-05   0.0635539 9.06618e-05 9.06618e-05 9.06618e-05 9.06618e-05   0.0880326 9.06618e-05 9.06618e-05 9.06618e-05   0.0300091
   0.141966 8.54701e-05 8.54701e-05   0.0821368  0.00179487   0.0342735    0.147094 8.54701e-05   0.0633333 8.54701e-05   0.0402564    0.205214 8.54701e-05    0.250513 8.54701e-05 8.54701e-05  0.00692308   0.0223077  0.00264957 0.000940171
 0.00581506   0.0115348 9.53289e-05 9.53289e-05  0.00104862 9.53289e-05  0.00486177  0.00104862 9.53289e-05    0.255577 9.53289e-05     0.12307  0.00104862  0.00867493     0.53775   0.0029552   0.0458532 9.53289e-05 9.53289e-05 9.53289e-05
  0.0706811  0.00257475    0.234302   0.0748339 8.30565e-05 8.30565e-05 8.30565e-05 8.30565e-05    0.120515 8.30565e-05   0.0557309   0.0357973    0.114701    0.259219 8.30565e-05   0.0150332   0.0108804 8.30565e-05  0.00506645 8.30565e-05
   0.116812 0.000958188  0.00357143    0.166463  8.7108e-05   0.0227352  8.7108e-05  8.7108e-05   0.0837108  0.00357143  0.00357143   0.0166376  8.7108e-05    0.495732  8.7108e-05  0.00182927  8.7108e-05  8.7108e-05   0.0837108  8.7108e-05
7.58725e-05 7.58725e-05   0.0615326   0.0182853    0.334674   0.0402883 7.58725e-05   0.0304249 7.58725e-05 7.58725e-05    0.019044 7.58725e-05 0.000834598  0.00614568 7.58725e-05 7.58725e-05     0.11692   0.0539454    0.275493   0.0418058
0.000976043    0.017835  0.00807453   0.0213842  0.00807453 8.87311e-05   0.0329193    0.430435    0.071961  0.00275067   0.0373558 8.87311e-05 8.87311e-05  0.00896185   0.0382431   0.0240461    0.267169 8.87311e-05 8.87311e-05     0.02937
   0.120534   0.0219078  0.00250606   0.0469685 8.08407e-05    0.194907 8.08407e-05 8.08407e-05   0.0720291 8.08407e-05   0.0065481 0.000889248 8.08407e-05    0.435004 8.08407e-05  0.00897332 8.08407e-05 0.000889248   0.0615198   0.0267583
  0.0992745 0.000120919  0.00495768    0.287908  0.00616687 0.000120919 0.000120919 0.000120919    0.339903 0.000120919 0.000120919   0.0146312  0.00979444    0.232285 0.000120919 0.000120919  0.00374849 0.000120919 0.000120919 0.000120919
7.33676e-05    0.744021 7.33676e-05 7.33676e-05    0.027953 7.33676e-05     0.02135 7.33676e-05   0.0103448  0.00667645 7.33676e-05   0.0286867 7.33676e-05   0.0220836   0.0162142   0.0264857 7.33676e-05   0.0426266 0.000807043   0.0521643
  0.0187925  8.5034e-05   0.0077381   0.0494048  8.5034e-05   0.0978741  8.5034e-05  8.5034e-05    0.415051   0.0230442   0.0187925   0.0298469 0.000935374  8.5034e-05    0.118282  8.5034e-05  8.5034e-05    0.040051    0.176105  0.00348639
  0.0164458   0.0156664 7.79423e-05 7.79423e-05   0.0273578   0.0203429   0.0491816  0.00163679 7.79423e-05   0.0320343   0.0320343   0.0367108   0.0055339 7.79423e-05 7.79423e-05    0.153624   0.0086516    0.193375    0.131021    0.275994
  0.0662041  0.00661224   0.0172245   0.0490612    0.155184 0.000897959  0.00579592 8.16327e-05   0.0645714   0.0457959 8.16327e-05   0.0906939   0.0245714    0.073551    0.384571 8.16327e-05 8.16327e-05   0.0147755 8.16327e-05 8.16327e-05
 0.00590379 7.28863e-05    0.220918   0.0744169  0.00444606 7.28863e-05 7.28863e-05 7.28863e-05    0.311297    0.142201 7.28863e-05  0.00225948  0.00590379 0.000801749   0.0299563  0.00298834    0.198324 7.28863e-05 7.28863e-05 7.28863e-05
9.26784e-05  0.00287303 9.26784e-05 9.26784e-05 9.26784e-05  0.00101946 9.26784e-05    0.195644    0.178035   0.0399444  0.00101946   0.0343837   0.0269694   0.0658943   0.0575533 9.26784e-05   0.0445783  0.00658017    0.344856 9.26784e-05
  0.0505155 0.000114548 0.000114548   0.0390607  0.00126002    0.116953 0.000114548  0.00126002   0.0528064   0.0505155   0.0207331  0.00584192 0.000114548 0.000114548    0.654181  0.00469645 0.000114548  0.00126002 0.000114548 0.000114548
0.000117233 0.000117233 0.000117233 0.000117233   0.0024619 0.000117233 0.000117233    0.641383 0.000117233    0.111489   0.0165299   0.0106682 0.000117233 0.000117233   0.0669402   0.0399766   0.0024619   0.0118406  0.00128957   0.0939039
   0.023023  0.00325255   0.0217474 6.37755e-05 6.37755e-05    0.235395 6.37755e-05   0.0236607    0.279401 0.000701531  0.00580357   0.0262117 6.37755e-05 6.37755e-05   0.0026148   0.0625638  0.00133929 6.37755e-05    0.161416    0.152487
   0.146464 8.22368e-05    0.079852    0.324918 8.22368e-05   0.0165296 0.000904605 8.22368e-05    0.116859  0.00583882   0.0444901 8.22368e-05 8.22368e-05     0.24597    0.010773 8.22368e-05  0.00666118 8.22368e-05 8.22368e-05 8.22368e-05
  0.0191611   0.0210677 9.53289e-05    0.035367  0.00486177  0.00104862 9.53289e-05   0.0401335 9.53289e-05    0.439561 9.53289e-05   0.0658723   0.0382269   0.0534795    0.174547 9.53289e-05 9.53289e-05 9.53289e-05 9.53289e-05     0.10591
8.75657e-05   0.0263573 8.75657e-05 8.75657e-05   0.0176007    0.052627    0.531611 8.75657e-05    0.197986 0.000963222 8.75657e-05 8.75657e-05 8.75657e-05   0.0324869 8.75657e-05    0.103415 8.75657e-05 8.75657e-05   0.0263573  0.00971979
  0.0563819   0.0342714 0.000100503 0.000100503  0.00713568 0.000100503    0.310653   0.0041206    0.257387 0.000100503 0.000100503   0.0222111 0.000100503   0.0101508 0.000100503    0.220201  0.00512563 0.000100503 0.000100503   0.0714573
  0.0179946  0.00367055   0.0242614 0.000984781 0.000984781   0.0126231 8.95255e-05 8.95255e-05 8.95255e-05    0.644673 0.000984781   0.0681289   0.0341092 8.95255e-05   0.0699194 8.95255e-05    0.104834 0.000984781   0.0153089 8.95255e-05
0.000102249   0.0317996   0.0174847 0.000102249  0.00521472    0.369223  0.00419223  0.00828221    0.114622 0.000102249    0.262883   0.0481595 0.000102249 0.000102249  0.00112474   0.0266871   0.0225971 0.000102249 0.000102249   0.0870143
7.43494e-05 7.43494e-05    0.221636   0.0469145    0.050632 7.43494e-05  0.00453532 7.43494e-05    0.174796 7.43494e-05   0.0268401    0.398587  0.00750929   0.0216357  0.00750929 7.43494e-05   0.0060223   0.0327881 7.43494e-05 7.43494e-05
   0.028974 7.22543e-05   0.0296965    0.521026   0.0188584   0.0239162  0.00296243 7.22543e-05    0.177095 7.22543e-05   0.0636561   0.0311416 7.22543e-05   0.0867775 7.22543e-05 7.22543e-05 7.22543e-05  0.00729769  0.00802023 7.22543e-05
   0.045748 7.87402e-05   0.0370866 0.000866142   0.0504724     0.23315 7.87402e-05    0.242598   0.0945669 7.87402e-05   0.0213386   0.0126772 7.87402e-05   0.0292126 7.87402e-05   0.0189764 7.87402e-05 7.87402e-05    0.211102  0.00165354
9.86193e-05 9.86193e-05   0.0464497   0.0385602   0.0168639  0.00601578 9.86193e-05   0.0868836  0.00108481   0.0109467   0.0109467    0.205227 9.86193e-05    0.154931   0.0178501   0.0198225 9.86193e-05    0.236785   0.0908284   0.0563116
 0.00280822   0.0397945 0.000753425 6.84932e-05 6.84932e-05 6.84932e-05       0.635 6.84932e-05 6.84932e-05 6.84932e-05       0.035 6.84932e-05  0.00212329 6.84932e-05 6.84932e-05    0.180205 6.84932e-05   0.0781507   0.0206164  0.00486301
  0.0810074 8.25764e-05   0.0042114   0.0331131 8.25764e-05   0.0471511 8.25764e-05   0.0322874   0.0760528    0.193311 8.25764e-05   0.0182494   0.0248555 8.25764e-05    0.458382   0.0256813 8.25764e-05  0.00503716 8.25764e-05 8.25764e-05
   0.112725   0.0079955    0.030518  0.00123874 0.000112613    0.233221 0.000112613   0.0541667   0.0755631   0.0406532   0.0271396   0.0248874  0.00123874 0.000112613   0.0530405    0.030518   0.0519144 0.000112613 0.000112613    0.254617
  0.0001001   0.0041041   0.0001001   0.0001001   0.0041041   0.0001001   0.0001001    0.349449   0.0001001   0.0281281   0.0001001   0.0211211   0.0461461   0.0001001    0.494595   0.0151151   0.0031031   0.0201201   0.0001001   0.0131131
  0.0048722  0.00167732 0.000878594    0.135064   0.0464058    0.011262 7.98722e-05   0.0248403    0.357109 7.98722e-05   0.0328275   0.0503994  0.00327476 7.98722e-05    0.251677  0.00806709   0.0352236 7.98722e-05   0.0360224 7.98722e-05
  0.0251252    0.169533   0.0217863 0.000918197  0.00175292 8.34725e-05 8.34725e-05    0.384891   0.0727045   0.0326377   0.0117696   0.0117696  0.00509182 8.34725e-05   0.0727045 8.34725e-05    0.187062 8.34725e-05  0.00175292 8.34725e-05
  0.0572816 0.000107875    0.157605   0.0400216 0.000107875    0.112298 0.000107875 0.000107875    0.133873 0.000107875  0.00981661 0.000107875 0.000107875     0.16192  0.00334412  0.00981661    0.237433   0.0119741   0.0324703   0.0313916
  0.0426349   0.0467842   0.0685685 0.000103734  0.00840249    0.155705  0.00840249 0.000103734 0.000103734 0.000103734    0.101763   0.0872407 0.000103734   0.0187759  0.00529046   0.0156639   0.0758299  0.00736515    0.229357    0.127697
8.66551e-05 8.66551e-05   0.0260832 8.66551e-05   0.0607452 8.66551e-05  0.00701906 8.66551e-05  0.00355286  0.00441941    0.104939   0.0416811    0.395234    0.271317   0.0520797 8.66551e-05 8.66551e-05   0.0234835  0.00875217 8.66551e-05
  0.0650278 9.27644e-05   0.0418367   0.0418367 9.27644e-05    0.161503   0.0140074   0.0112245 9.27644e-05   0.0455473    0.119759    0.046475 9.27644e-05    0.126252    0.043692   0.0585343 9.27644e-05   0.0269944    0.195826  0.00102041
  0.0442042     0.47846 8.65052e-05   0.0113322 8.65052e-05   0.0935121   0.0502595  0.00181661    0.203374 8.65052e-05 0.000951557  0.00181661 8.65052e-05  0.00354671 8.65052e-05 8.65052e-05   0.0121972   0.0294983   0.0684256 8.65052e-05
